   9.99999978E-03   0.00000000    
   1.99999996E-02   0.00000000    
   2.99999993E-02   0.00000000    
   3.99999991E-02   0.00000000    
   4.99999970E-02   0.00000000    
   5.99999987E-02   0.00000000    
   7.00000003E-02   0.00000000    
   7.99999982E-02   0.00000000    
   8.99999961E-02   0.00000000    
   9.99999940E-02   0.00000000    
  0.109999999       0.00000000    
  0.119999997       0.00000000    
  0.129999995       0.00000000    
  0.140000001       0.00000000    
  0.149999991       0.00000000    
  0.159999996       0.00000000    
  0.170000002       0.00000000    
  0.179999992       0.00000000    
  0.189999998       0.00000000    
  0.199999988       0.00000000    
  0.209999993       0.00000000    
  0.219999999       0.00000000    
  0.229999989       0.00000000    
  0.239999995       0.00000000    
  0.250000000       1.99999809E-02
  0.259999990       1.99999809E-02
  0.269999981       4.00000215E-02
  0.280000001       5.99999428E-02
  0.289999992       7.99999833E-02
  0.299999982      0.100000024    
  0.310000002      0.119999945    
  0.319999993      0.139999986    
  0.329999983      0.160000026    
  0.340000004      0.179999948    
  0.349999994      0.199999988    
  0.359999985      0.220000029    
  0.370000005      0.239999950    
  0.379999995      0.259999990    
  0.389999986      0.279999971    
  0.399999976      0.300000012    
  0.409999996      0.319999933    
  0.419999987      0.339999974    
  0.429999977      0.360000014    
  0.439999998      0.379999936    
  0.449999988      0.399999976    
  0.459999979      0.420000017    
  0.469999999      0.439999938    
  0.479999989      0.459999979    
  0.489999980      0.480000019    
  0.500000000      0.459999979    
  0.509999990      0.480000019    
  0.519999981      0.460000038    
  0.529999971      0.440000057    
  0.539999962      0.419999957    
  0.550000012      0.400000095    
  0.560000002      0.379999995    
  0.569999993      0.360000014    
  0.579999983      0.340000033    
  0.589999974      0.320000052    
  0.599999964      0.299999952    
  0.610000014      0.280000091    
  0.620000005      0.259999990    
  0.629999995      0.240000010    
  0.639999986      0.220000029    
  0.649999976      0.200000048    
  0.659999967      0.180000067    
  0.669999957      0.159999967    
  0.680000007      0.140000105    
  0.689999998      0.120000005    
  0.699999988      0.100000024    
  0.709999979       8.00000429E-02
  0.719999969       6.00000620E-02
  0.729999959       3.99999619E-02
  0.740000010       2.00001001E-02
  0.750000000       1.99999809E-02
  0.759999990       0.00000000    
  0.769999981       0.00000000    
  0.779999971       0.00000000    
  0.789999962       0.00000000    
  0.799999952       0.00000000    
  0.810000002       0.00000000    
  0.819999993       0.00000000    
  0.829999983       0.00000000    
  0.839999974       0.00000000    
  0.849999964       0.00000000    
  0.859999955       0.00000000    
  0.870000005       0.00000000    
  0.879999995       0.00000000    
  0.889999986       0.00000000    
  0.899999976       0.00000000    
  0.909999967       0.00000000    
  0.919999957       0.00000000    
  0.930000007       0.00000000    
  0.939999998       0.00000000    
  0.949999988       0.00000000    
  0.959999979       0.00000000    
  0.969999969       0.00000000    
  0.979999959       0.00000000    
  0.989999950       0.00000000    
