   9.99999978E-03   30.0200005    
   1.99999996E-02   30.0400009    
   2.99999993E-02   30.0200005    
   3.99999991E-02   30.0400009    
   4.99999970E-02   30.0200005    
   5.99999987E-02   30.0400009    
   7.00000003E-02   30.0200005    
   7.99999982E-02   30.0400009    
   8.99999961E-02   30.0200005    
   9.99999940E-02   30.0400009    
  0.109999999       30.0200005    
  0.119999997       30.0400009    
  0.129999995       30.0200005    
  0.140000001       30.0400009    
  0.149999991       30.0200005    
  0.159999996       30.0400009    
  0.170000002       30.0200005    
  0.179999992       30.0400009    
  0.189999998       30.0200005    
  0.199999988       30.0400009    
  0.209999993       30.0200005    
  0.219999999       30.0400009    
  0.229999989       30.0200005    
  0.239999995       30.0400009    
  0.250000000       30.0000000    
  0.259999990       30.0200005    
  0.269999981       29.9799995    
  0.280000001       30.0200005    
  0.289999992       29.9799995    
  0.299999982       30.0200005    
  0.310000002       29.9799995    
  0.319999993       30.0200005    
  0.329999983       29.9799995    
  0.340000004       30.0200005    
  0.349999994       29.9799995    
  0.359999985       30.0200005    
  0.370000005       29.9799995    
  0.379999995       30.0200005    
  0.389999986       29.9799995    
  0.399999976       30.0200005    
  0.409999996       29.9799995    
  0.419999987       30.0200005    
  0.429999977       29.9799995    
  0.439999998       30.0200005    
  0.449999988       29.9799995    
  0.459999979       30.0200005    
  0.469999999       29.9799995    
  0.479999989       30.0200005    
  0.489999980       29.9799995    
  0.500000000       30.0200005    
  0.509999990       29.9799995    
  0.519999981       30.0200005    
  0.529999971       29.9799995    
  0.539999962       30.0200005    
  0.550000012       29.9799995    
  0.560000002       30.0200005    
  0.569999993       29.9799995    
  0.579999983       30.0200005    
  0.589999974       29.9799995    
  0.599999964       30.0200005    
  0.610000014       29.9799995    
  0.620000005       30.0200005    
  0.629999995       29.9799995    
  0.639999986       30.0200005    
  0.649999976       29.9799995    
  0.659999967       30.0200005    
  0.669999957       29.9799995    
  0.680000007       30.0200005    
  0.689999998       29.9799995    
  0.699999988       30.0200005    
  0.709999979       29.9799995    
  0.719999969       30.0200005    
  0.729999959       29.9799995    
  0.740000010       30.0200005    
  0.750000000       30.0000000    
  0.759999990       30.0400009    
  0.769999981       30.0200005    
  0.779999971       30.0400009    
  0.789999962       30.0200005    
  0.799999952       30.0400009    
  0.810000002       30.0200005    
  0.819999993       30.0400009    
  0.829999983       30.0200005    
  0.839999974       30.0400009    
  0.849999964       30.0200005    
  0.859999955       30.0400009    
  0.870000005       30.0200005    
  0.879999995       30.0400009    
  0.889999986       30.0200005    
  0.899999976       30.0400009    
  0.909999967       30.0200005    
  0.919999957       30.0400009    
  0.930000007       30.0200005    
  0.939999998       30.0400009    
  0.949999988       30.0200005    
  0.959999979       30.0400009    
  0.969999969       30.0200005    
  0.979999959       30.0400009    
  0.989999950       30.0200005    
