-20 -20 0.000
-20 -19 0.000
-20 -18 0.000
-20 -17 0.000
-20 -16 0.000
-20 -15 0.000
-20 -14 0.000
-20 -13 0.000
-20 -12 0.000
-20 -11 0.000
-20 -10 0.000
-20  -9 0.000
-20  -8 0.000
-20  -7 0.000
-20  -6 0.000
-20  -5 0.000
-20  -4 0.000
-20  -3 0.000
-20  -2 0.000
-20  -1 0.000
-20   0 0.000
-20   1 0.000
-20   2 0.000
-20   3 0.000
-20   4 0.000
-20   5 0.000
-20   6 0.000
-20   7 0.000
-20   8 0.000
-20   9 0.000
-20  10 0.000
-20  11 0.000
-20  12 0.000
-20  13 0.000
-20  14 0.000
-20  15 0.000
-20  16 0.000
-20  17 0.000
-20  18 0.000
-20  19 0.000
-20  20 0.000
-19 -20 0.000
-19 -19 0.003
-19 -18 0.007
-19 -17 0.010
-19 -16 0.013
-19 -15 0.017
-19 -14 0.020
-19 -13 0.023
-19 -12 0.027
-19 -11 0.030
-19 -10 0.033
-19  -9 0.036
-19  -8 0.039
-19  -7 0.041
-19  -6 0.044
-19  -5 0.046
-19  -4 0.047
-19  -3 0.049
-19  -2 0.050
-19  -1 0.050
-19   0 0.051
-19   1 0.050
-19   2 0.050
-19   3 0.049
-19   4 0.047
-19   5 0.046
-19   6 0.044
-19   7 0.041
-19   8 0.039
-19   9 0.036
-19  10 0.033
-19  11 0.030
-19  12 0.027
-19  13 0.023
-19  14 0.020
-19  15 0.017
-19  16 0.013
-19  17 0.010
-19  18 0.007
-19  19 0.003
-19  20 0.000
-18 -20 0.000
-18 -19 0.007
-18 -18 0.013
-18 -17 0.020
-18 -16 0.027
-18 -15 0.034
-18 -14 0.040
-18 -13 0.047
-18 -12 0.053
-18 -11 0.060
-18 -10 0.066
-18  -9 0.072
-18  -8 0.078
-18  -7 0.083
-18  -6 0.088
-18  -5 0.092
-18  -4 0.095
-18  -3 0.098
-18  -2 0.100
-18  -1 0.101
-18   0 0.102
-18   1 0.101
-18   2 0.100
-18   3 0.098
-18   4 0.095
-18   5 0.092
-18   6 0.088
-18   7 0.083
-18   8 0.078
-18   9 0.072
-18  10 0.066
-18  11 0.060
-18  12 0.053
-18  13 0.047
-18  14 0.040
-18  15 0.034
-18  16 0.027
-18  17 0.020
-18  18 0.013
-18  19 0.007
-18  20 0.000
-17 -20 0.000
-17 -19 0.010
-17 -18 0.020
-17 -17 0.030
-17 -16 0.040
-17 -15 0.050
-17 -14 0.061
-17 -13 0.071
-17 -12 0.080
-17 -11 0.090
-17 -10 0.099
-17  -9 0.108
-17  -8 0.117
-17  -7 0.125
-17  -6 0.132
-17  -5 0.138
-17  -4 0.144
-17  -3 0.148
-17  -2 0.151
-17  -1 0.153
-17   0 0.153
-17   1 0.153
-17   2 0.151
-17   3 0.148
-17   4 0.144
-17   5 0.138
-17   6 0.132
-17   7 0.125
-17   8 0.117
-17   9 0.108
-17  10 0.099
-17  11 0.090
-17  12 0.080
-17  13 0.071
-17  14 0.061
-17  15 0.050
-17  16 0.040
-17  17 0.030
-17  18 0.020
-17  19 0.010
-17  20 0.000
-16 -20 0.000
-16 -19 0.013
-16 -18 0.027
-16 -17 0.040
-16 -16 0.054
-16 -15 0.067
-16 -14 0.081
-16 -13 0.094
-16 -12 0.107
-16 -11 0.120
-16 -10 0.133
-16  -9 0.145
-16  -8 0.157
-16  -7 0.168
-16  -6 0.177
-16  -5 0.186
-16  -4 0.193
-16  -3 0.199
-16  -2 0.203
-16  -1 0.206
-16   0 0.207
-16   1 0.206
-16   2 0.203
-16   3 0.199
-16   4 0.193
-16   5 0.186
-16   6 0.177
-16   7 0.168
-16   8 0.157
-16   9 0.145
-16  10 0.133
-16  11 0.120
-16  12 0.107
-16  13 0.094
-16  14 0.081
-16  15 0.067
-16  16 0.054
-16  17 0.040
-16  18 0.027
-16  19 0.013
-16  20 0.000
-15 -20 0.000
-15 -19 0.017
-15 -18 0.034
-15 -17 0.050
-15 -16 0.067
-15 -15 0.084
-15 -14 0.101
-15 -13 0.118
-15 -12 0.135
-15 -11 0.151
-15 -10 0.167
-15  -9 0.183
-15  -8 0.198
-15  -7 0.211
-15  -6 0.224
-15  -5 0.235
-15  -4 0.244
-15  -3 0.252
-15  -2 0.257
-15  -1 0.260
-15   0 0.261
-15   1 0.260
-15   2 0.257
-15   3 0.252
-15   4 0.244
-15   5 0.235
-15   6 0.224
-15   7 0.211
-15   8 0.198
-15   9 0.183
-15  10 0.167
-15  11 0.151
-15  12 0.135
-15  13 0.118
-15  14 0.101
-15  15 0.084
-15  16 0.067
-15  17 0.050
-15  18 0.034
-15  19 0.017
-15  20 0.000
-14 -20 0.000
-14 -19 0.020
-14 -18 0.040
-14 -17 0.061
-14 -16 0.081
-14 -15 0.101
-14 -14 0.122
-14 -13 0.142
-14 -12 0.162
-14 -11 0.182
-14 -10 0.202
-14  -9 0.221
-14  -8 0.240
-14  -7 0.257
-14  -6 0.272
-14  -5 0.286
-14  -4 0.297
-14  -3 0.306
-14  -2 0.313
-14  -1 0.317
-14   0 0.318
-14   1 0.317
-14   2 0.313
-14   3 0.306
-14   4 0.297
-14   5 0.286
-14   6 0.272
-14   7 0.257
-14   8 0.240
-14   9 0.221
-14  10 0.202
-14  11 0.182
-14  12 0.162
-14  13 0.142
-14  14 0.122
-14  15 0.101
-14  16 0.081
-14  17 0.061
-14  18 0.040
-14  19 0.020
-14  20 0.000
-13 -20 0.000
-13 -19 0.023
-13 -18 0.047
-13 -17 0.071
-13 -16 0.094
-13 -15 0.118
-13 -14 0.142
-13 -13 0.166
-13 -12 0.190
-13 -11 0.214
-13 -10 0.238
-13  -9 0.261
-13  -8 0.283
-13  -7 0.303
-13  -6 0.322
-13  -5 0.339
-13  -4 0.353
-13  -3 0.364
-13  -2 0.371
-13  -1 0.376
-13   0 0.378
-13   1 0.376
-13   2 0.371
-13   3 0.364
-13   4 0.353
-13   5 0.339
-13   6 0.322
-13   7 0.303
-13   8 0.283
-13   9 0.261
-13  10 0.238
-13  11 0.214
-13  12 0.190
-13  13 0.166
-13  14 0.142
-13  15 0.118
-13  16 0.094
-13  17 0.071
-13  18 0.047
-13  19 0.023
-13  20 0.000
-12 -20 0.000
-12 -19 0.027
-12 -18 0.053
-12 -17 0.080
-12 -16 0.107
-12 -15 0.135
-12 -14 0.162
-12 -13 0.190
-12 -12 0.218
-12 -11 0.246
-12 -10 0.274
-12  -9 0.301
-12  -8 0.327
-12  -7 0.352
-12  -6 0.374
-12  -5 0.394
-12  -4 0.411
-12  -3 0.424
-12  -2 0.433
-12  -1 0.439
-12   0 0.441
-12   1 0.439
-12   2 0.433
-12   3 0.424
-12   4 0.411
-12   5 0.394
-12   6 0.374
-12   7 0.352
-12   8 0.327
-12   9 0.301
-12  10 0.274
-12  11 0.246
-12  12 0.218
-12  13 0.190
-12  14 0.162
-12  15 0.135
-12  16 0.107
-12  17 0.080
-12  18 0.053
-12  19 0.027
-12  20 0.000
-11 -20 0.000
-11 -19 0.030
-11 -18 0.060
-11 -17 0.090
-11 -16 0.120
-11 -15 0.151
-11 -14 0.182
-11 -13 0.214
-11 -12 0.246
-11 -11 0.278
-11 -10 0.310
-11  -9 0.342
-11  -8 0.373
-11  -7 0.402
-11  -6 0.429
-11  -5 0.453
-11  -4 0.473
-11  -3 0.488
-11  -2 0.499
-11  -1 0.505
-11   0 0.507
-11   1 0.505
-11   2 0.499
-11   3 0.488
-11   4 0.473
-11   5 0.453
-11   6 0.429
-11   7 0.402
-11   8 0.373
-11   9 0.342
-11  10 0.310
-11  11 0.278
-11  12 0.246
-11  13 0.214
-11  14 0.182
-11  15 0.151
-11  16 0.120
-11  17 0.090
-11  18 0.060
-11  19 0.030
-11  20 0.000
-10 -20 0.000
-10 -19 0.033
-10 -18 0.066
-10 -17 0.099
-10 -16 0.133
-10 -15 0.167
-10 -14 0.202
-10 -13 0.238
-10 -12 0.274
-10 -11 0.310
-10 -10 0.347
-10  -9 0.384
-10  -8 0.420
-10  -7 0.455
-10  -6 0.487
-10  -5 0.516
-10  -4 0.539
-10  -3 0.556
-10  -2 0.569
-10  -1 0.576
-10   0 0.578
-10   1 0.576
-10   2 0.569
-10   3 0.556
-10   4 0.539
-10   5 0.516
-10   6 0.487
-10   7 0.455
-10   8 0.420
-10   9 0.384
-10  10 0.347
-10  11 0.310
-10  12 0.274
-10  13 0.238
-10  14 0.202
-10  15 0.167
-10  16 0.133
-10  17 0.099
-10  18 0.066
-10  19 0.033
-10  20 0.000
 -9 -20 0.000
 -9 -19 0.036
 -9 -18 0.072
 -9 -17 0.108
 -9 -16 0.145
 -9 -15 0.183
 -9 -14 0.221
 -9 -13 0.261
 -9 -12 0.301
 -9 -11 0.342
 -9 -10 0.384
 -9  -9 0.426
 -9  -8 0.469
 -9  -7 0.511
 -9  -6 0.549
 -9  -5 0.583
 -9  -4 0.610
 -9  -3 0.630
 -9  -2 0.644
 -9  -1 0.651
 -9   0 0.654
 -9   1 0.651
 -9   2 0.644
 -9   3 0.630
 -9   4 0.610
 -9   5 0.583
 -9   6 0.549
 -9   7 0.511
 -9   8 0.469
 -9   9 0.426
 -9  10 0.384
 -9  11 0.342
 -9  12 0.301
 -9  13 0.261
 -9  14 0.221
 -9  15 0.183
 -9  16 0.145
 -9  17 0.108
 -9  18 0.072
 -9  19 0.036
 -9  20 0.000
 -8 -20 0.000
 -8 -19 0.039
 -8 -18 0.078
 -8 -17 0.117
 -8 -16 0.157
 -8 -15 0.198
 -8 -14 0.240
 -8 -13 0.283
 -8 -12 0.327
 -8 -11 0.373
 -8 -10 0.420
 -8  -9 0.469
 -8  -8 0.519
 -8  -7 0.569
 -8  -6 0.616
 -8  -5 0.658
 -8  -4 0.689
 -8  -3 0.711
 -8  -2 0.724
 -8  -1 0.732
 -8   0 0.734
 -8   1 0.732
 -8   2 0.724
 -8   3 0.711
 -8   4 0.689
 -8   5 0.658
 -8   6 0.616
 -8   7 0.569
 -8   8 0.519
 -8   9 0.469
 -8  10 0.420
 -8  11 0.373
 -8  12 0.327
 -8  13 0.283
 -8  14 0.240
 -8  15 0.198
 -8  16 0.157
 -8  17 0.117
 -8  18 0.078
 -8  19 0.039
 -8  20 0.000
 -7 -20 0.000
 -7 -19 0.041
 -7 -18 0.083
 -7 -17 0.125
 -7 -16 0.168
 -7 -15 0.211
 -7 -14 0.257
 -7 -13 0.303
 -7 -12 0.352
 -7 -11 0.402
 -7 -10 0.455
 -7  -9 0.511
 -7  -8 0.569
 -7  -7 0.629
 -7  -6 0.689
 -7  -5 0.743
 -7  -4 0.778
 -7  -3 0.799
 -7  -2 0.811
 -7  -1 0.817
 -7   0 0.819
 -7   1 0.817
 -7   2 0.811
 -7   3 0.799
 -7   4 0.778
 -7   5 0.743
 -7   6 0.689
 -7   7 0.629
 -7   8 0.569
 -7   9 0.511
 -7  10 0.455
 -7  11 0.402
 -7  12 0.352
 -7  13 0.303
 -7  14 0.257
 -7  15 0.211
 -7  16 0.168
 -7  17 0.125
 -7  18 0.083
 -7  19 0.041
 -7  20 0.000
 -6 -20 0.000
 -6 -19 0.044
 -6 -18 0.088
 -6 -17 0.132
 -6 -16 0.177
 -6 -15 0.224
 -6 -14 0.272
 -6 -13 0.322
 -6 -12 0.374
 -6 -11 0.429
 -6 -10 0.487
 -6  -9 0.549
 -6  -8 0.616
 -6  -7 0.689
 -6  -6 0.769
 -6  -5 0.848
 -6  -4 0.880
 -6  -3 0.896
 -6  -2 0.903
 -6  -1 0.907
 -6   0 0.908
 -6   1 0.907
 -6   2 0.903
 -6   3 0.896
 -6   4 0.880
 -6   5 0.848
 -6   6 0.769
 -6   7 0.689
 -6   8 0.616
 -6   9 0.549
 -6  10 0.487
 -6  11 0.429
 -6  12 0.374
 -6  13 0.322
 -6  14 0.272
 -6  15 0.224
 -6  16 0.177
 -6  17 0.132
 -6  18 0.088
 -6  19 0.044
 -6  20 0.000
 -5 -20 0.000
 -5 -19 0.046
 -5 -18 0.092
 -5 -17 0.138
 -5 -16 0.186
 -5 -15 0.235
 -5 -14 0.286
 -5 -13 0.339
 -5 -12 0.394
 -5 -11 0.453
 -5 -10 0.516
 -5  -9 0.583
 -5  -8 0.658
 -5  -7 0.743
 -5  -6 0.848
 -5  -5 1.000
 -5  -4 1.000
 -5  -3 1.000
 -5  -2 1.000
 -5  -1 1.000
 -5   0 1.000
 -5   1 1.000
 -5   2 1.000
 -5   3 1.000
 -5   4 1.000
 -5   5 1.000
 -5   6 0.848
 -5   7 0.743
 -5   8 0.658
 -5   9 0.583
 -5  10 0.516
 -5  11 0.453
 -5  12 0.394
 -5  13 0.339
 -5  14 0.286
 -5  15 0.235
 -5  16 0.186
 -5  17 0.138
 -5  18 0.092
 -5  19 0.046
 -5  20 0.000
 -4 -20 0.000
 -4 -19 0.047
 -4 -18 0.095
 -4 -17 0.144
 -4 -16 0.193
 -4 -15 0.244
 -4 -14 0.297
 -4 -13 0.353
 -4 -12 0.411
 -4 -11 0.473
 -4 -10 0.539
 -4  -9 0.610
 -4  -8 0.689
 -4  -7 0.778
 -4  -6 0.880
 -4  -5 1.000
 -4  -4 1.000
 -4  -3 1.000
 -4  -2 1.000
 -4  -1 1.000
 -4   0 1.000
 -4   1 1.000
 -4   2 1.000
 -4   3 1.000
 -4   4 1.000
 -4   5 1.000
 -4   6 0.880
 -4   7 0.778
 -4   8 0.689
 -4   9 0.610
 -4  10 0.539
 -4  11 0.473
 -4  12 0.411
 -4  13 0.353
 -4  14 0.297
 -4  15 0.244
 -4  16 0.193
 -4  17 0.144
 -4  18 0.095
 -4  19 0.047
 -4  20 0.000
 -3 -20 0.000
 -3 -19 0.049
 -3 -18 0.098
 -3 -17 0.148
 -3 -16 0.199
 -3 -15 0.252
 -3 -14 0.306
 -3 -13 0.364
 -3 -12 0.424
 -3 -11 0.488
 -3 -10 0.556
 -3  -9 0.630
 -3  -8 0.711
 -3  -7 0.799
 -3  -6 0.896
 -3  -5 1.000
 -3  -4 1.000
 -3  -3 1.000
 -3  -2 1.000
 -3  -1 1.000
 -3   0 1.000
 -3   1 1.000
 -3   2 1.000
 -3   3 1.000
 -3   4 1.000
 -3   5 1.000
 -3   6 0.896
 -3   7 0.799
 -3   8 0.711
 -3   9 0.630
 -3  10 0.556
 -3  11 0.488
 -3  12 0.424
 -3  13 0.364
 -3  14 0.306
 -3  15 0.252
 -3  16 0.199
 -3  17 0.148
 -3  18 0.098
 -3  19 0.049
 -3  20 0.000
 -2 -20 0.000
 -2 -19 0.050
 -2 -18 0.100
 -2 -17 0.151
 -2 -16 0.203
 -2 -15 0.257
 -2 -14 0.313
 -2 -13 0.371
 -2 -12 0.433
 -2 -11 0.499
 -2 -10 0.569
 -2  -9 0.644
 -2  -8 0.724
 -2  -7 0.811
 -2  -6 0.903
 -2  -5 1.000
 -2  -4 1.000
 -2  -3 1.000
 -2  -2 1.000
 -2  -1 1.000
 -2   0 1.000
 -2   1 1.000
 -2   2 1.000
 -2   3 1.000
 -2   4 1.000
 -2   5 1.000
 -2   6 0.903
 -2   7 0.811
 -2   8 0.724
 -2   9 0.644
 -2  10 0.569
 -2  11 0.499
 -2  12 0.433
 -2  13 0.371
 -2  14 0.313
 -2  15 0.257
 -2  16 0.203
 -2  17 0.151
 -2  18 0.100
 -2  19 0.050
 -2  20 0.000
 -1 -20 0.000
 -1 -19 0.050
 -1 -18 0.101
 -1 -17 0.153
 -1 -16 0.206
 -1 -15 0.260
 -1 -14 0.317
 -1 -13 0.376
 -1 -12 0.439
 -1 -11 0.505
 -1 -10 0.576
 -1  -9 0.651
 -1  -8 0.732
 -1  -7 0.817
 -1  -6 0.907
 -1  -5 1.000
 -1  -4 1.000
 -1  -3 1.000
 -1  -2 1.000
 -1  -1 1.000
 -1   0 1.000
 -1   1 1.000
 -1   2 1.000
 -1   3 1.000
 -1   4 1.000
 -1   5 1.000
 -1   6 0.907
 -1   7 0.817
 -1   8 0.732
 -1   9 0.651
 -1  10 0.576
 -1  11 0.505
 -1  12 0.439
 -1  13 0.376
 -1  14 0.317
 -1  15 0.260
 -1  16 0.206
 -1  17 0.153
 -1  18 0.101
 -1  19 0.050
 -1  20 0.000
  0 -20 0.000
  0 -19 0.051
  0 -18 0.102
  0 -17 0.153
  0 -16 0.207
  0 -15 0.261
  0 -14 0.318
  0 -13 0.378
  0 -12 0.441
  0 -11 0.507
  0 -10 0.578
  0  -9 0.654
  0  -8 0.734
  0  -7 0.819
  0  -6 0.908
  0  -5 1.000
  0  -4 1.000
  0  -3 1.000
  0  -2 1.000
  0  -1 1.000
  0   0 1.000
  0   1 1.000
  0   2 1.000
  0   3 1.000
  0   4 1.000
  0   5 1.000
  0   6 0.908
  0   7 0.819
  0   8 0.734
  0   9 0.654
  0  10 0.578
  0  11 0.507
  0  12 0.441
  0  13 0.378
  0  14 0.318
  0  15 0.261
  0  16 0.207
  0  17 0.153
  0  18 0.102
  0  19 0.051
  0  20 0.000
  1 -20 0.000
  1 -19 0.050
  1 -18 0.101
  1 -17 0.153
  1 -16 0.206
  1 -15 0.260
  1 -14 0.317
  1 -13 0.376
  1 -12 0.439
  1 -11 0.505
  1 -10 0.576
  1  -9 0.651
  1  -8 0.732
  1  -7 0.817
  1  -6 0.907
  1  -5 1.000
  1  -4 1.000
  1  -3 1.000
  1  -2 1.000
  1  -1 1.000
  1   0 1.000
  1   1 1.000
  1   2 1.000
  1   3 1.000
  1   4 1.000
  1   5 1.000
  1   6 0.907
  1   7 0.817
  1   8 0.732
  1   9 0.651
  1  10 0.576
  1  11 0.505
  1  12 0.439
  1  13 0.376
  1  14 0.317
  1  15 0.260
  1  16 0.206
  1  17 0.153
  1  18 0.101
  1  19 0.050
  1  20 0.000
  2 -20 0.000
  2 -19 0.050
  2 -18 0.100
  2 -17 0.151
  2 -16 0.203
  2 -15 0.257
  2 -14 0.313
  2 -13 0.371
  2 -12 0.433
  2 -11 0.499
  2 -10 0.569
  2  -9 0.644
  2  -8 0.724
  2  -7 0.811
  2  -6 0.903
  2  -5 1.000
  2  -4 1.000
  2  -3 1.000
  2  -2 1.000
  2  -1 1.000
  2   0 1.000
  2   1 1.000
  2   2 1.000
  2   3 1.000
  2   4 1.000
  2   5 1.000
  2   6 0.903
  2   7 0.811
  2   8 0.724
  2   9 0.644
  2  10 0.569
  2  11 0.499
  2  12 0.433
  2  13 0.371
  2  14 0.313
  2  15 0.257
  2  16 0.203
  2  17 0.151
  2  18 0.100
  2  19 0.050
  2  20 0.000
  3 -20 0.000
  3 -19 0.049
  3 -18 0.098
  3 -17 0.148
  3 -16 0.199
  3 -15 0.252
  3 -14 0.306
  3 -13 0.364
  3 -12 0.424
  3 -11 0.488
  3 -10 0.556
  3  -9 0.630
  3  -8 0.711
  3  -7 0.799
  3  -6 0.896
  3  -5 1.000
  3  -4 1.000
  3  -3 1.000
  3  -2 1.000
  3  -1 1.000
  3   0 1.000
  3   1 1.000
  3   2 1.000
  3   3 1.000
  3   4 1.000
  3   5 1.000
  3   6 0.896
  3   7 0.799
  3   8 0.711
  3   9 0.630
  3  10 0.556
  3  11 0.488
  3  12 0.424
  3  13 0.364
  3  14 0.306
  3  15 0.252
  3  16 0.199
  3  17 0.148
  3  18 0.098
  3  19 0.049
  3  20 0.000
  4 -20 0.000
  4 -19 0.047
  4 -18 0.095
  4 -17 0.144
  4 -16 0.193
  4 -15 0.244
  4 -14 0.297
  4 -13 0.353
  4 -12 0.411
  4 -11 0.473
  4 -10 0.539
  4  -9 0.610
  4  -8 0.689
  4  -7 0.778
  4  -6 0.880
  4  -5 1.000
  4  -4 1.000
  4  -3 1.000
  4  -2 1.000
  4  -1 1.000
  4   0 1.000
  4   1 1.000
  4   2 1.000
  4   3 1.000
  4   4 1.000
  4   5 1.000
  4   6 0.880
  4   7 0.778
  4   8 0.689
  4   9 0.610
  4  10 0.539
  4  11 0.473
  4  12 0.411
  4  13 0.353
  4  14 0.297
  4  15 0.244
  4  16 0.193
  4  17 0.144
  4  18 0.095
  4  19 0.047
  4  20 0.000
  5 -20 0.000
  5 -19 0.046
  5 -18 0.092
  5 -17 0.138
  5 -16 0.186
  5 -15 0.235
  5 -14 0.286
  5 -13 0.339
  5 -12 0.394
  5 -11 0.453
  5 -10 0.516
  5  -9 0.583
  5  -8 0.658
  5  -7 0.743
  5  -6 0.848
  5  -5 1.000
  5  -4 1.000
  5  -3 1.000
  5  -2 1.000
  5  -1 1.000
  5   0 1.000
  5   1 1.000
  5   2 1.000
  5   3 1.000
  5   4 1.000
  5   5 1.000
  5   6 0.848
  5   7 0.743
  5   8 0.658
  5   9 0.583
  5  10 0.516
  5  11 0.453
  5  12 0.394
  5  13 0.339
  5  14 0.286
  5  15 0.235
  5  16 0.186
  5  17 0.138
  5  18 0.092
  5  19 0.046
  5  20 0.000
  6 -20 0.000
  6 -19 0.044
  6 -18 0.088
  6 -17 0.132
  6 -16 0.177
  6 -15 0.224
  6 -14 0.272
  6 -13 0.322
  6 -12 0.374
  6 -11 0.429
  6 -10 0.487
  6  -9 0.549
  6  -8 0.616
  6  -7 0.689
  6  -6 0.769
  6  -5 0.848
  6  -4 0.880
  6  -3 0.896
  6  -2 0.903
  6  -1 0.907
  6   0 0.908
  6   1 0.907
  6   2 0.903
  6   3 0.896
  6   4 0.880
  6   5 0.848
  6   6 0.769
  6   7 0.689
  6   8 0.616
  6   9 0.549
  6  10 0.487
  6  11 0.429
  6  12 0.374
  6  13 0.322
  6  14 0.272
  6  15 0.224
  6  16 0.177
  6  17 0.132
  6  18 0.088
  6  19 0.044
  6  20 0.000
  7 -20 0.000
  7 -19 0.041
  7 -18 0.083
  7 -17 0.125
  7 -16 0.168
  7 -15 0.211
  7 -14 0.257
  7 -13 0.303
  7 -12 0.352
  7 -11 0.402
  7 -10 0.455
  7  -9 0.511
  7  -8 0.569
  7  -7 0.629
  7  -6 0.689
  7  -5 0.743
  7  -4 0.778
  7  -3 0.799
  7  -2 0.811
  7  -1 0.817
  7   0 0.819
  7   1 0.817
  7   2 0.811
  7   3 0.799
  7   4 0.778
  7   5 0.743
  7   6 0.689
  7   7 0.629
  7   8 0.569
  7   9 0.511
  7  10 0.455
  7  11 0.402
  7  12 0.352
  7  13 0.303
  7  14 0.257
  7  15 0.211
  7  16 0.168
  7  17 0.125
  7  18 0.083
  7  19 0.041
  7  20 0.000
  8 -20 0.000
  8 -19 0.039
  8 -18 0.078
  8 -17 0.117
  8 -16 0.157
  8 -15 0.198
  8 -14 0.240
  8 -13 0.283
  8 -12 0.327
  8 -11 0.373
  8 -10 0.420
  8  -9 0.469
  8  -8 0.519
  8  -7 0.569
  8  -6 0.616
  8  -5 0.658
  8  -4 0.689
  8  -3 0.711
  8  -2 0.724
  8  -1 0.732
  8   0 0.734
  8   1 0.732
  8   2 0.724
  8   3 0.711
  8   4 0.689
  8   5 0.658
  8   6 0.616
  8   7 0.569
  8   8 0.519
  8   9 0.469
  8  10 0.420
  8  11 0.373
  8  12 0.327
  8  13 0.283
  8  14 0.240
  8  15 0.198
  8  16 0.157
  8  17 0.117
  8  18 0.078
  8  19 0.039
  8  20 0.000
  9 -20 0.000
  9 -19 0.036
  9 -18 0.072
  9 -17 0.108
  9 -16 0.145
  9 -15 0.183
  9 -14 0.221
  9 -13 0.261
  9 -12 0.301
  9 -11 0.342
  9 -10 0.384
  9  -9 0.426
  9  -8 0.469
  9  -7 0.511
  9  -6 0.549
  9  -5 0.583
  9  -4 0.610
  9  -3 0.630
  9  -2 0.644
  9  -1 0.651
  9   0 0.654
  9   1 0.651
  9   2 0.644
  9   3 0.630
  9   4 0.610
  9   5 0.583
  9   6 0.549
  9   7 0.511
  9   8 0.469
  9   9 0.426
  9  10 0.384
  9  11 0.342
  9  12 0.301
  9  13 0.261
  9  14 0.221
  9  15 0.183
  9  16 0.145
  9  17 0.108
  9  18 0.072
  9  19 0.036
  9  20 0.000
 10 -20 0.000
 10 -19 0.033
 10 -18 0.066
 10 -17 0.099
 10 -16 0.133
 10 -15 0.167
 10 -14 0.202
 10 -13 0.238
 10 -12 0.274
 10 -11 0.310
 10 -10 0.347
 10  -9 0.384
 10  -8 0.420
 10  -7 0.455
 10  -6 0.487
 10  -5 0.516
 10  -4 0.539
 10  -3 0.556
 10  -2 0.569
 10  -1 0.576
 10   0 0.578
 10   1 0.576
 10   2 0.569
 10   3 0.556
 10   4 0.539
 10   5 0.516
 10   6 0.487
 10   7 0.455
 10   8 0.420
 10   9 0.384
 10  10 0.347
 10  11 0.310
 10  12 0.274
 10  13 0.238
 10  14 0.202
 10  15 0.167
 10  16 0.133
 10  17 0.099
 10  18 0.066
 10  19 0.033
 10  20 0.000
 11 -20 0.000
 11 -19 0.030
 11 -18 0.060
 11 -17 0.090
 11 -16 0.120
 11 -15 0.151
 11 -14 0.182
 11 -13 0.214
 11 -12 0.246
 11 -11 0.278
 11 -10 0.310
 11  -9 0.342
 11  -8 0.373
 11  -7 0.402
 11  -6 0.429
 11  -5 0.453
 11  -4 0.473
 11  -3 0.488
 11  -2 0.499
 11  -1 0.505
 11   0 0.507
 11   1 0.505
 11   2 0.499
 11   3 0.488
 11   4 0.473
 11   5 0.453
 11   6 0.429
 11   7 0.402
 11   8 0.373
 11   9 0.342
 11  10 0.310
 11  11 0.278
 11  12 0.246
 11  13 0.214
 11  14 0.182
 11  15 0.151
 11  16 0.120
 11  17 0.090
 11  18 0.060
 11  19 0.030
 11  20 0.000
 12 -20 0.000
 12 -19 0.027
 12 -18 0.053
 12 -17 0.080
 12 -16 0.107
 12 -15 0.135
 12 -14 0.162
 12 -13 0.190
 12 -12 0.218
 12 -11 0.246
 12 -10 0.274
 12  -9 0.301
 12  -8 0.327
 12  -7 0.352
 12  -6 0.374
 12  -5 0.394
 12  -4 0.411
 12  -3 0.424
 12  -2 0.433
 12  -1 0.439
 12   0 0.441
 12   1 0.439
 12   2 0.433
 12   3 0.424
 12   4 0.411
 12   5 0.394
 12   6 0.374
 12   7 0.352
 12   8 0.327
 12   9 0.301
 12  10 0.274
 12  11 0.246
 12  12 0.218
 12  13 0.190
 12  14 0.162
 12  15 0.135
 12  16 0.107
 12  17 0.080
 12  18 0.053
 12  19 0.027
 12  20 0.000
 13 -20 0.000
 13 -19 0.023
 13 -18 0.047
 13 -17 0.071
 13 -16 0.094
 13 -15 0.118
 13 -14 0.142
 13 -13 0.166
 13 -12 0.190
 13 -11 0.214
 13 -10 0.238
 13  -9 0.261
 13  -8 0.283
 13  -7 0.303
 13  -6 0.322
 13  -5 0.339
 13  -4 0.353
 13  -3 0.364
 13  -2 0.371
 13  -1 0.376
 13   0 0.378
 13   1 0.376
 13   2 0.371
 13   3 0.364
 13   4 0.353
 13   5 0.339
 13   6 0.322
 13   7 0.303
 13   8 0.283
 13   9 0.261
 13  10 0.238
 13  11 0.214
 13  12 0.190
 13  13 0.166
 13  14 0.142
 13  15 0.118
 13  16 0.094
 13  17 0.071
 13  18 0.047
 13  19 0.023
 13  20 0.000
 14 -20 0.000
 14 -19 0.020
 14 -18 0.040
 14 -17 0.061
 14 -16 0.081
 14 -15 0.101
 14 -14 0.122
 14 -13 0.142
 14 -12 0.162
 14 -11 0.182
 14 -10 0.202
 14  -9 0.221
 14  -8 0.240
 14  -7 0.257
 14  -6 0.272
 14  -5 0.286
 14  -4 0.297
 14  -3 0.306
 14  -2 0.313
 14  -1 0.317
 14   0 0.318
 14   1 0.317
 14   2 0.313
 14   3 0.306
 14   4 0.297
 14   5 0.286
 14   6 0.272
 14   7 0.257
 14   8 0.240
 14   9 0.221
 14  10 0.202
 14  11 0.182
 14  12 0.162
 14  13 0.142
 14  14 0.122
 14  15 0.101
 14  16 0.081
 14  17 0.061
 14  18 0.040
 14  19 0.020
 14  20 0.000
 15 -20 0.000
 15 -19 0.017
 15 -18 0.034
 15 -17 0.050
 15 -16 0.067
 15 -15 0.084
 15 -14 0.101
 15 -13 0.118
 15 -12 0.135
 15 -11 0.151
 15 -10 0.167
 15  -9 0.183
 15  -8 0.198
 15  -7 0.211
 15  -6 0.224
 15  -5 0.235
 15  -4 0.244
 15  -3 0.252
 15  -2 0.257
 15  -1 0.260
 15   0 0.261
 15   1 0.260
 15   2 0.257
 15   3 0.252
 15   4 0.244
 15   5 0.235
 15   6 0.224
 15   7 0.211
 15   8 0.198
 15   9 0.183
 15  10 0.167
 15  11 0.151
 15  12 0.135
 15  13 0.118
 15  14 0.101
 15  15 0.084
 15  16 0.067
 15  17 0.050
 15  18 0.034
 15  19 0.017
 15  20 0.000
 16 -20 0.000
 16 -19 0.013
 16 -18 0.027
 16 -17 0.040
 16 -16 0.054
 16 -15 0.067
 16 -14 0.081
 16 -13 0.094
 16 -12 0.107
 16 -11 0.120
 16 -10 0.133
 16  -9 0.145
 16  -8 0.157
 16  -7 0.168
 16  -6 0.177
 16  -5 0.186
 16  -4 0.193
 16  -3 0.199
 16  -2 0.203
 16  -1 0.206
 16   0 0.207
 16   1 0.206
 16   2 0.203
 16   3 0.199
 16   4 0.193
 16   5 0.186
 16   6 0.177
 16   7 0.168
 16   8 0.157
 16   9 0.145
 16  10 0.133
 16  11 0.120
 16  12 0.107
 16  13 0.094
 16  14 0.081
 16  15 0.067
 16  16 0.054
 16  17 0.040
 16  18 0.027
 16  19 0.013
 16  20 0.000
 17 -20 0.000
 17 -19 0.010
 17 -18 0.020
 17 -17 0.030
 17 -16 0.040
 17 -15 0.050
 17 -14 0.061
 17 -13 0.071
 17 -12 0.080
 17 -11 0.090
 17 -10 0.099
 17  -9 0.108
 17  -8 0.117
 17  -7 0.125
 17  -6 0.132
 17  -5 0.138
 17  -4 0.144
 17  -3 0.148
 17  -2 0.151
 17  -1 0.153
 17   0 0.153
 17   1 0.153
 17   2 0.151
 17   3 0.148
 17   4 0.144
 17   5 0.138
 17   6 0.132
 17   7 0.125
 17   8 0.117
 17   9 0.108
 17  10 0.099
 17  11 0.090
 17  12 0.080
 17  13 0.071
 17  14 0.061
 17  15 0.050
 17  16 0.040
 17  17 0.030
 17  18 0.020
 17  19 0.010
 17  20 0.000
 18 -20 0.000
 18 -19 0.007
 18 -18 0.013
 18 -17 0.020
 18 -16 0.027
 18 -15 0.034
 18 -14 0.040
 18 -13 0.047
 18 -12 0.053
 18 -11 0.060
 18 -10 0.066
 18  -9 0.072
 18  -8 0.078
 18  -7 0.083
 18  -6 0.088
 18  -5 0.092
 18  -4 0.095
 18  -3 0.098
 18  -2 0.100
 18  -1 0.101
 18   0 0.102
 18   1 0.101
 18   2 0.100
 18   3 0.098
 18   4 0.095
 18   5 0.092
 18   6 0.088
 18   7 0.083
 18   8 0.078
 18   9 0.072
 18  10 0.066
 18  11 0.060
 18  12 0.053
 18  13 0.047
 18  14 0.040
 18  15 0.034
 18  16 0.027
 18  17 0.020
 18  18 0.013
 18  19 0.007
 18  20 0.000
 19 -20 0.000
 19 -19 0.003
 19 -18 0.007
 19 -17 0.010
 19 -16 0.013
 19 -15 0.017
 19 -14 0.020
 19 -13 0.023
 19 -12 0.027
 19 -11 0.030
 19 -10 0.033
 19  -9 0.036
 19  -8 0.039
 19  -7 0.041
 19  -6 0.044
 19  -5 0.046
 19  -4 0.047
 19  -3 0.049
 19  -2 0.050
 19  -1 0.050
 19   0 0.051
 19   1 0.050
 19   2 0.050
 19   3 0.049
 19   4 0.047
 19   5 0.046
 19   6 0.044
 19   7 0.041
 19   8 0.039
 19   9 0.036
 19  10 0.033
 19  11 0.030
 19  12 0.027
 19  13 0.023
 19  14 0.020
 19  15 0.017
 19  16 0.013
 19  17 0.010
 19  18 0.007
 19  19 0.003
 19  20 0.000
 20 -20 0.000
 20 -19 0.000
 20 -18 0.000
 20 -17 0.000
 20 -16 0.000
 20 -15 0.000
 20 -14 0.000
 20 -13 0.000
 20 -12 0.000
 20 -11 0.000
 20 -10 0.000
 20  -9 0.000
 20  -8 0.000
 20  -7 0.000
 20  -6 0.000
 20  -5 0.000
 20  -4 0.000
 20  -3 0.000
 20  -2 0.000
 20  -1 0.000
 20   0 0.000
 20   1 0.000
 20   2 0.000
 20   3 0.000
 20   4 0.000
 20   5 0.000
 20   6 0.000
 20   7 0.000
 20   8 0.000
 20   9 0.000
 20  10 0.000
 20  11 0.000
 20  12 0.000
 20  13 0.000
 20  14 0.000
 20  15 0.000
 20  16 0.000
 20  17 0.000
 20  18 0.000
 20  19 0.000
 20  20 0.000
