  0.1E-02  0.052480284  0.5E-01  0.008654069  0.9E-02
  0.1E-03  0.175928742  0.1E+00  0.013639972  0.5E-02
  0.1E-04  0.249703854  0.7E-01  0.016053738  0.2E-02
  0.1E-05  0.273566455  0.2E-01  0.016929030  0.9E-03
  0.1E-06  0.284446269  0.1E-01  0.017384913  0.5E-03
  0.1E-07  0.315949410  0.3E-01  0.019785877  0.2E-02
  0.1E-08  0.345604062  0.3E-01  0.021836817  0.2E-02
  0.1E-09  0.357465923  0.1E-01  0.022657193  0.8E-03
  0.1E-10  0.371802896  0.1E-01  0.023648750  0.1E-02
  0.1E-11  0.371989697  0.2E-03  0.023661669  0.1E-04
  0.1E-12  0.371989697  0.0E+00  0.023661669  0.0E+00
