  0.1E-01  0.050749637  0.5E-01  0.008614440  0.9E-02
  0.1E-02  0.062513232  0.1E-01  0.009248978  0.6E-03
  0.1E-03  0.200925156  0.1E+00  0.014452434  0.5E-02
  0.1E-04  0.260296196  0.6E-01  0.016348327  0.2E-02
  0.1E-05  0.281712979  0.2E-01  0.017030092  0.7E-03
  0.1E-06  0.291079909  0.9E-02  0.017458046  0.4E-03
  0.1E-07  0.295701504  0.5E-02  0.017667577  0.2E-03
  0.1E-08  0.296446770  0.7E-03  0.017701764  0.3E-04
  0.1E-09  0.296957582  0.5E-03  0.017732844  0.3E-04
  0.1E-10  0.297001511  0.4E-04  0.017742487  0.1E-04
  0.1E-11  0.297003031  0.2E-05  0.017742820  0.3E-06
  0.1E-12  0.297003031  0.0E+00  0.017742820  0.0E+00
